-1256308072
156095485
1162653811
549998048
-153409230
653728246
1006192826
-2090741775
1890509674
-1269432975
1588952046
-350747940
-717374985
-851108067
1806688580
846601580
-1157883713
-920234068
325271087
-1081382751
1690853688
1306972607
-1848400585
-80038142
-1504247524
1069315333
1311203430
1821701670
211811795
-828130430
1985018282
480727949
1284878132
673246368
1882431941
-1177216342
70712154
-360716986
-1403272921
5005594
-552526328
817997554
807219875
824827338
-331581656
566849340
-1044709546
2008969577
1036338059
1662634205
18525746
-822211082
1925197666
-1681973957
1546119216
-1420475561
-1446075441
-199434919
-1931046008
533994972
1081283100
666935217
-670383541
360032005
-392948687
-1658463853
-1686569185
-1241163924
723655380
-718973849
1729544119
-2025218996
916431730
1698543593
-847198677
-1006986363
749166959
104424338
-667122627
354621316
-460352321
2018443284
-1079332517
-1521648989
545794206
615952818
1054784790
1730885255
-877807997
-1928139107
-1543650547
-864353308
1585008568
2080285163
-66912442
-376481305
-622140657
-1169791780
1970290097
-1714951232
-314424681
1502933909
618665700
-1818125055
572940733
-1185240175
-1567803750
-2049085644
-97232524
492102223
2055648476
-452934659
-1755872312
218592981
443156739
1125020703
-161062011
-1185895873
232378344
35480799
386877172
1514709524
-646916208
341042536
-1432669026
-342495508
-2065146632
-483716197
-1548741405
-1716488154
-969618087
-1016406935
266796610
647054893
294664324
1614445364
-1532104752
-607989317
-142858106
-1102403412
792713280
-1136282736
-386272403
1377932724
1521420066
-1217039045
-1774773073
-2140683911
-879015224
1607120847
881602386
1149148581
454511984
-1535988059
1491946244
-446041238
1067705036
-425740771
751398080
-1419456161
966761469
-1685575869
528288300
371704719
-1261850004
714229106
-1319889513
-257639362
-1080194809
-875093156
-2038197616
254089514
-2124574333
901470113
-723213563
691804947
367289826
-1167744526
695660685
1835984038
-1305894916
643257955
717498293
-638114336
1351194660
318238335
-354294261
-1926190206
830346237
-629833667
-267473554
-343524314
1133286968
414669272
-1797566867
452019066
-1912445938
-1965256648
-1959256378
-1463224978
102523584
-800435199
-2090041325
2054289292
-1078927449
-71893810
-1338647988
258274550
-1954893468
-14884069
817480781
-2124257113
1937803593
1629006395
1839590582
184262202
-1360224523
1600011793
1130728549
-616246220
-790295506
720411876
1109443965
-101900728
1832843279
1138589403
676890954
-119078272
1608249115
-273124377
866597464
-1051066146
-51944721
-1279732649
898493048
508004575
-311265840
723688079
-1269404228
1466750221
-1939496840
-979242258
-1496540979
1847494889
1573416424
915001387
669729966
1741793605
1813545832
1555261145
856941761
907646339
-1073851338
1180625574
-882051132
1830786258
1054873262
-450054234
1640975320
-1754087519
2025380474
-1234018509
-1788066835
-346316324
352012038
-1959102017
-1378022373
-1476230895
778167672
-45013256
-1199765804
145803344
494545699
197037108
1989076935
1552581824
-106930713
-1675076988
-1759725709
217607407
-1785719664
-1654118015
-1925794978
-2004253280
423859865
1971620962
-503000236
1472599378
-577523694
1381283065
1877864944
-1665876237
940295879
1063853419
-1109905604
165307202
1718116827
1144624769
-1545821383
-1949343250
691696852
47496870
2135271231
966979634
-1658463372
-1576419657
427053022
-396193392
1013739212
-122507210
-1725743539
-1492939962
1268839548
-1606731969
-1517983007
-1931870628
591683939
-230858106
-2008926199
-1470339877
1947808208
-138212145
1488876996
-566979338
-1884436786
537086000
-433472726
1352434869
-1751040378
359196365
1046707460
-1687092011
2062675166
1307390963
-627761423
981399546
-1516667844
2002755480
-2046961412
388882078
-287234553
2024174000
-1077484914
29786474
1887324396
1646580692
448409706
-1476824994
1800856112
544949277
109130119
-65378600
-2066793950
-1048464801
-1456255156
-2144009425
2096336625
-1316253188
-1874997823
-1528734611
-752237977
1419823236
1382646258
1671125726
1851730107
-1105100549
1158882976
-949457352
810534642
-1585024324
1133814308
-1010135103
2079239596
-746894834
-1654689293
-2084015319
1505156602
-1890330922
1296814948
-777403630
1916920410
1633791057
-1955603125
-261430866
-133605272
1454214073
-673488298
606357969
1231931825
2019204369
-2106973560
1232405866
-851001730
787251134
1590661607
-545213368
-91865586
1679362830
2223178
-1878242047
-2046532929
1462565066
1483780119
1599373951
1819541349
956508486
-629671143
-1207707263
1513989772
1984586553
496323066
1039713500
1734985007
-1847891548
-1637720222
1288931369
-912862490
646800084
462255396
1329121322
-46194395
2010583450
-1378993712
1134462425
-1550357839
1849719774
1705105802
-1099625206
117496744
830540436
-68807520
-519686794
1046356315
1306770866
-30373313
1085223995
-674567582
1548302318
-1713263944
-285067353
-286386925
137126567
-2000163790
1837013843
-1705447113
1494008300
-1332213689
598036659
-1748503908
2100501407
-1180361644
-1420522205
1483774741
1670465759
-2700651
1220794326
556676988
-165075454
-1502840888
1774552930
-670340332
610130494
1656677481
2004417883
-685285805
492123503
1520814418
-1724372389
-1449475531
908249782
346796587
-565155575
-1000601724
-463117806
1419346002
-1284014226
348598543
1545213007
1752041578
-1803941804
79808042
-554676938
-788839677
-1581205039
1771498596
-1559502854
-832974547
1575137373
-738835032
-757630146
-2123184129
-1714406067
1062533841
1742808205
355369294
-1114167912
1529447751
-2146712397
-2062138076
306059650
-350646845
2067296500
1431941035
-693583705
-1272792795
-2137515304
-2125807987
27655457
388283600
1235817260
-223523254
-641955933
-759832262
-129991923
51450018
686712861
582721047
-1578608615
207806585
-1421779493
899189187
2041704415
1993702286
1574092731
124281295
-1221724459
1905835306
-1009747490
-2120355368
-363648451
1453845972
2058831444
1636664650
-1861125673
-325637196
1236501221
-248606310
-202529777
-911200769
2037488623
-589000397
-1054526915
938576970
-1441368996
-905157497
-1088581038
209502025
627246207
-101022711
748136983
-490452839
-1515457257
1084151843
-772070776
-985429767
-1225800797
-605228258
182713340
-139076865
1122791460
-521663191
-1367675270
1937928959
2139864247
-1078808987
-910833736
1304161326
1668398445
-1319263300
1767902109
-1376209540
38008026
645407874
766440273
648011062
589908744
-1336215771
1241232277
-1501306100
-124372865
-1118157022
1227806165
1597433191
-11119409
1583564198
-81631839
-737490524
-1371557642
-1185740573
-459099569
-1874511693
1463467764
-1001224132
-78376599
-2058988988
405561494
1063159523
1933024136
-2066414464
1112355685
294961387
-1451999322
-1701153897
-405167739
833113981
256870732
-1295995932
1423368664
2053666863
-1909737623
-120152457
-474441673
1135998018
89236253
1438673719
-83650176
1852495880
-1365793810
1636035053
-417879883
282409815
-260498817
-877479288
-1105310672
1897620448
519638111
1048076707
504175146
891148037
1318299748
280538034
-1447968205
156495832
1600942480
1199603993
254500364
-912072390
-570358125
-646948773
-1444475496
107761072
1595892660
-1900219303
-1968816788
-117378239
-1471167618
2006348494
1444427322
1870465692
1401365206
1681724991
820407908
-154070658
-630609189
789261869
-1011111766
-1863534712
210424931
-676983516
-1866182959
-951200817
-146439523
1620740963
768189332
-1598656859
1908544150
-1343174585
-1754070281
1621904786
1590925458
128849000
586748435
-1319160145
1827376119
1185293325
1953559565
-327053035
1579450030
892854014
1939137600
-1315115921
566331448
2079326619
-1515429361
-277887936
-1680763147
943736754
630061253
699042117
-682773447
77444237
-26156253
-994190800
-1356048003
1557478478
-1186341637
740595060
-1541580601
825313838
1146014032
-746247026
36314930
445144276
1907733892
-1357134806
-662301315
-1504560154
-2119010034
1195886569
-1045831959
716045573
1104265678
-1228026406
-1587110899
474318141
-38865212
-1909061376
-1374106375
-2093839114
-193472763
-535318989
-290902638
-1920537484
636265549
2097275210
1097675706
-839737833
-1141470940
-1485551043
-1950357708
163279066
102511783
705261503
-1613385990
-935077746
1847426077
-2015916463
-608127807
443316350
550729317
-906400645
-1273616768
-103458442
1556754391
-1759705686
867942046
121840053
1156569976
1752582826
-2045972800
2044799269
805554144
38940866
487573584
765617945
1311110453
-1084399132
-1827400456
-998158009
-214153358
711904909
700915503
1846847377
373497944
1817796428
1010135635
-1468975957
-1410171988
-1624981177
1436905833
1378525356
727788422
34498263
-924276322
1901977840
-1531123264
1700988978
-674687270
257357188
-1827317793
1956279397
146307736
-1379045315
452488716
-440891571
-1807426507
-1646413705
1362132477
1471286291
1509916821
784317118
982901818
-889659308
-1376201202
583667237
-1999128454
-497886353
-1705456969
-499051471
-1965241992
1253676713
2039572941
1332194290
-1966668170
1289861379
1860128050
1684741416
1730700631
-998762681
-727903874
175518636
-432961892
521511845
494782254
-1910464169
13450440
-1082905408
-1016812451
-1233504157
-1558583845
-1629646400
190455519
-1971643236
-1772566370
-903909929
121009933
-1532307113
-1018571379
-1395356934
1274282111
1250046731
1419038897
102812329
16453449
732016271
-908911227
573271046
150029947
1995520921
808904529
1431115332
-1180242140
-1933365169
960221584
-1269150743
1466136615
-1636981798
-419690926
-708244781
-1570905473
1696041792
1782711507
-1020844233
346309759
289402345
-1684030777
-1091384139
-30087487
-1141937225
-1059909370
-1674734092
176791984
-2138402697
-1654415136
725193824
2087608517
643377568
1318469187
135457724
936444598
-1103545120
1232875093
1195478240
431591183
-2096395292
1943959592
-240727173
760359080
756742418
-7300261
1769572859
835330304
-304120154
-1004304643
-1429461951
616332570
1042914904
-2121690406
991984292
-2049072134
1127261070
-1496747627
-109541214
