-2146712397
-2144009425
-2140683911
-2138402697
-2137515304
-2125807987
-2124574333
-2124257113
-2123184129
-2121690406
-2120355368
-2119010034
-2106973560
-2096395292
-2093839114
-2090741775
-2090041325
-2084015319
-2066793950
-2066414464
-2065146632
-2062138076
-2058988988
-2049085644
-2049072134
-2046961412
-2046532929
-2045972800
-2038197616
-2025218996
-2015916463
-2008926199
-2004253280
-2000163790
-1999128454
-1971643236
-1968816788
-1966668170
-1965256648
-1965241992
-1959256378
-1959102017
-1955603125
-1954893468
-1950357708
-1949343250
-1939496840
-1933365169
-1931870628
-1931046008
-1928139107
-1926190206
-1925794978
-1920537484
-1912445938
-1910464169
-1909737623
-1909061376
-1900219303
-1890330922
-1884436786
-1878242047
-1874997823
-1874511693
-1866182959
-1863534712
-1861125673
-1848400585
-1847891548
-1827400456
-1827317793
-1818125055
-1807426507
-1803941804
-1797566867
-1788066835
-1785719664
-1774773073
-1772566370
-1759725709
-1759705686
-1755872312
-1754087519
-1754070281
-1751040378
-1748503908
-1725743539
-1724372389
-1716488154
-1714951232
-1714406067
-1713263944
-1705456969
-1705447113
-1701153897
-1687092011
-1686569185
-1685575869
-1684030777
-1681973957
-1680763147
-1675076988
-1674734092
-1665876237
-1658463853
-1658463372
-1654689293
-1654415136
-1654118015
-1646413705
-1637720222
-1636981798
-1629646400
-1624981177
-1613385990
-1606731969
-1598656859
-1587110899
-1585024324
-1581205039
-1578608615
-1576419657
-1570905473
-1567803750
-1559502854
-1558583845
-1550357839
-1548741405
-1545821383
-1543650547
-1541580601
-1535988059
-1532307113
-1532104752
-1531123264
-1528734611
-1521648989
-1517983007
-1516667844
-1515457257
-1515429361
-1504560154
-1504247524
-1502840888
-1501306100
-1496747627
-1496540979
-1492939962
-1485551043
-1476824994
-1476230895
-1471167618
-1470339877
-1468975957
-1463224978
-1456255156
-1451999322
-1449475531
-1447968205
-1446075441
-1444475496
-1441368996
-1432669026
-1429461951
-1421779493
-1420522205
-1420475561
-1419456161
-1410171988
-1403272921
-1395356934
-1379045315
-1378993712
-1378022373
-1376209540
-1376201202
-1374106375
-1371557642
-1367675270
-1365793810
-1360224523
-1357134806
-1356048003
-1343174585
-1338647988
-1336215771
-1332213689
-1319889513
-1319263300
-1319160145
-1316253188
-1315115921
-1305894916
-1295995932
-1284014226
-1279732649
-1273616768
-1272792795
-1269432975
-1269404228
-1269150743
-1261850004
-1256308072
-1241163924
-1234018509
-1233504157
-1228026406
-1225800797
-1221724459
-1217039045
-1207707263
-1199765804
-1186341637
-1185895873
-1185740573
-1185240175
-1180361644
-1180242140
-1177216342
-1169791780
-1167744526
-1157883713
-1141937225
-1141470940
-1136282736
-1118157022
-1114167912
-1109905604
-1105310672
-1105100549
-1103545120
-1102403412
-1099625206
-1091384139
-1088581038
-1084399132
-1082905408
-1081382751
-1080194809
-1079332517
-1078927449
-1078808987
-1077484914
-1073851338
-1059909370
-1054526915
-1051066146
-1048464801
-1045831959
-1044709546
-1020844233
-1018571379
-1016812451
-1016406935
-1011111766
-1010135103
-1009747490
-1006986363
-1004304643
-1001224132
-1000601724
-998762681
-998158009
-994190800
-985429767
-979242258
-969618087
-951200817
-949457352
-935077746
-924276322
-920234068
-912862490
-912072390
-911200769
-910833736
-908911227
-906400645
-905157497
-903909929
-889659308
-882051132
-879015224
-877807997
-877479288
-875093156
-864353308
-851108067
-851001730
-847198677
-839737833
-832974547
-828130430
-822211082
-800435199
-790295506
-788839677
-777403630
-772070776
-759832262
-757630146
-752237977
-746894834
-746247026
-738835032
-737490524
-727903874
-723213563
-718973849
-717374985
-708244781
-693583705
-685285805
-682773447
-676983516
-674687270
-674567582
-673488298
-670383541
-670340332
-667122627
-662301315
-646948773
-646916208
-641955933
-638114336
-630609189
-629833667
-629671143
-627761423
-622140657
-616246220
-608127807
-607989317
-605228258
-589000397
-577523694
-570358125
-566979338
-565155575
-554676938
-552526328
-545213368
-535318989
-521663191
-519686794
-503000236
-499051471
-497886353
-490452839
-483716197
-474441673
-463117806
-460352321
-459099569
-452934659
-450054234
-446041238
-440891571
-433472726
-432961892
-425740771
-419690926
-417879883
-405167739
-396193392
-392948687
-386272403
-376481305
-363648451
-360716986
-354294261
-350747940
-350646845
-346316324
-343524314
-342495508
-331581656
-327053035
-325637196
-314424681
-311265840
-304120154
-290902638
-287234553
-286386925
-285067353
-277887936
-273124377
-267473554
-261430866
-260498817
-257639362
-248606310
-240727173
-230858106
-223523254
-214153358
-202529777
-199434919
-193472763
-165075454
-161062011
-154070658
-153409230
-146439523
-142858106
-139076865
-138212145
-133605272
-129991923
-124372865
-122507210
-120152457
-119078272
-117378239
-109541214
-106930713
-103458442
-101900728
-101022711
-97232524
-91865586
-83650176
-81631839
-80038142
-78376599
-71893810
-68807520
-66912442
-65378600
-51944721
-46194395
-45013256
-38865212
-30373313
-30087487
-26156253
-14884069
-11119409
-7300261
-2700651
0
2223178
5005594
13450440
16453449
18525746
27655457
29786474
34498263
35480799
36314930
38008026
38940866
47496870
51450018
70712154
77444237
79808042
89236253
102511783
102523584
102812329
104424338
107761072
109130119
117496744
121009933
121840053
124281295
128849000
135457724
137126567
145803344
146307736
150029947
156095485
156495832
163279066
165307202
175518636
176791984
182713340
184262202
190455519
197037108
207806585
209502025
210424931
211811795
217607407
218592981
232378344
254089514
254500364
256870732
257357188
258274550
266796610
280538034
282409815
289402345
294664324
294961387
306059650
318238335
325271087
341042536
346309759
346796587
348598543
352012038
354621316
355369294
359196365
360032005
367289826
371704719
373497944
386877172
388283600
388882078
405561494
414669272
423859865
427053022
431591183
443156739
443316350
445144276
448409706
452019066
452488716
454511984
462255396
474318141
480727949
487573584
492102223
492123503
494545699
494782254
496323066
504175146
508004575
519638111
521511845
528288300
533994972
537086000
544949277
545794206
549998048
550729317
556676988
566331448
566849340
572940733
573271046
582721047
583667237
586748435
589908744
591683939
598036659
606357969
610130494
615952818
616332570
618665700
627246207
630061253
636265549
643257955
643377568
645407874
646800084
647054893
648011062
653728246
666935217
669729966
673246368
676890954
686712861
691696852
691804947
695660685
699042117
700915503
705261503
711904909
714229106
716045573
717498293
720411876
723655380
723688079
725193824
727788422
732016271
740595060
748136983
749166959
751398080
756742418
760359080
765617945
766440273
768189332
778167672
784317118
787251134
789261869
792713280
805554144
807219875
808904529
810534642
817480781
817997554
820407908
824827338
825313838
830346237
830540436
833113981
835330304
846601580
856941761
866597464
867942046
881602386
891148037
892854014
898493048
899189187
901470113
907646339
908249782
915001387
916431730
936444598
938576970
940295879
943736754
956508486
960221584
966761469
966979634
981399546
982901818
991984292
1006192826
1010135635
1013739212
1036338059
1039713500
1042914904
1046356315
1046707460
1048076707
1054784790
1054873262
1062533841
1063159523
1063853419
1067705036
1069315333
1081283100
1084151843
1085223995
1097675706
1104265678
1109443965
1112355685
1122791460
1125020703
1127261070
1130728549
1133286968
1133814308
1134462425
1135998018
1138589403
1144624769
1146014032
1149148581
1156569976
1158882976
1162653811
1180625574
1185293325
1195478240
1195886569
1199603993
1220794326
1227806165
1231931825
1232405866
1232875093
1235817260
1236501221
1241232277
1250046731
1253676713
1268839548
1274282111
1284878132
1288931369
1289861379
1296814948
1304161326
1306770866
1306972607
1307390963
1311110453
1311203430
1318299748
1318469187
1329121322
1332194290
1351194660
1352434869
1362132477
1377932724
1378525356
1381283065
1382646258
1401365206
1419038897
1419346002
1419823236
1423368664
1431115332
1431941035
1436905833
1438673719
1444427322
1453845972
1454214073
1462565066
1463467764
1466136615
1466750221
1471286291
1472599378
1483774741
1483780119
1488876996
1491946244
1494008300
1502933909
1505156602
1509916821
1513989772
1514709524
1520814418
1521420066
1529447751
1545213007
1546119216
1548302318
1552581824
1555261145
1556754391
1557478478
1573416424
1574092731
1575137373
1579450030
1583564198
1585008568
1588952046
1590661607
1590925458
1595892660
1597433191
1599373951
1600011793
1600942480
1607120847
1608249115
1614445364
1620740963
1621904786
1629006395
1633791057
1636035053
1636664650
1640975320
1646580692
1656677481
1662634205
1668398445
1670465759
1671125726
1679362830
1681724991
1684741416
1690853688
1696041792
1698543593
1700988978
1705105802
1718116827
1729544119
1730700631
1730885255
1734985007
1741793605
1742808205
1752041578
1752582826
1767902109
1769572859
1771498596
1774552930
1782711507
1800856112
1806688580
1813545832
1817796428
1819541349
1821701670
1827376119
1830786258
1832843279
1835984038
1837013843
1839590582
1846847377
1847426077
1847494889
1849719774
1851730107
1852495880
1860128050
1870465692
1877864944
1882431941
1887324396
1890509674
1897620448
1901977840
1905835306
1907733892
1908544150
1916920410
1925197666
1933024136
1937803593
1937928959
1939137600
1943959592
1947808208
1953559565
1956279397
1970290097
1971620962
1984586553
1985018282
1989076935
1993702286
1995520921
2002755480
2004417883
2006348494
2008969577
2010583450
2018443284
2019204369
2024174000
2025380474
2037488623
2039572941
2041704415
2044799269
2053666863
2054289292
2055648476
2058831444
2062675166
2067296500
2079239596
2079326619
2080285163
2087608517
2096336625
2097275210
2100501407
2135271231
2139864247
